Simulation Parameters
dt=0.01 ms
 simtime=500 ms
 temperature=6.3ºCStimulation Parameters
E=1V/m
 Delay=10 ms
 Amplitude=-1000 multiplier
Duration=250 ms
 Carrier Frequency=100 Hz
 Modulation Depth=1
 Modulation Frequency=10 Hz
  
x   y   z (um)   es (mV)
-0.7903962166694547 0.42393376066635713 0.0 0.00042393376066635725
-0.05300552875503391 -15.10776466223569 1.553457567692026 -0.01510776466223569
5.14146639693933 -34.25368486560211 2.6299240606263523 -0.03425368486560211
18.81025121391984 -49.96296724005519 3.46756447292971 -0.049962967240055195
-4.764847061262138 9.591035491808771 1.775447962722529 0.009591035491808772
-2.8509978400667055 25.596712527113695 3.4234513601590155 0.025596712527113697
-9.306343236062258 14.767163529180777 -2.687351165809423 0.014767163529180779
-14.715181994106825 21.52238545594107 -11.826725059651013 0.021522385455941075
-23.803921172159164 28.716384332657135 -22.841157764875685 0.02871638433265714
-34.201248312251494 39.456695589345756 -25.392538732777748 0.03945669558934577
-26.023021033996677 14.905636787535546 4.2581487915364615 0.014905636787535549
4.37127417964687 10.518633336832874 -4.424750680620408 0.010518633336832874
7.694015421560423 24.74221794297859 -7.297477622287653 0.02474221794297859
5.613722605481125 15.680304424109892 -8.501640640994097 0.015680304424109892
9.945475618047068 27.743763678825463 -16.251400162654072 0.027743763678825462
11.52084389889048 32.31450887634416 -28.48202362141241 0.03231450887634416
21.165674109977992 33.22426694322127 -34.765343278761904 0.03322426694322127
36.51190987073232 36.783137857288885 -45.94377291603763 0.03678313785728888
55.2464507032442 31.725259748464023 -51.22216764196826 0.03172525974846402
72.87965635501945 35.21264256376958 -64.6688530175881 0.03521264256376957
70.94111255067514 33.800299429291066 -57.37619027524921 0.03380029942929106
19.506152854063433 42.957410264489006 -39.63646864642589 0.04295741026448901
10.420002628349877 34.631260850862276 -38.282022516828235 0.034631260850862274
12.127992204309976 45.807491320034416 -62.852761865998374 0.045807491320034414
-6.653749894928941 35.93529367079142 -77.12051184083747 0.035935293670791416
-23.322288780350256 29.26554983902262 -96.7498881717088 0.029265549839022624
-43.18145032876709 20.728105882088926 -112.84026632862586 0.02072810588208893
18.18256037478704 28.813810158111462 -11.327508936151721 0.02881381015811146
10.322606896377133 9.206645094356942 -15.303519852106383 0.00920664509435694
6.286756041152033 4.655903833572031 -27.177244419239972 0.00465590383357203
1.5060894800443254 -0.058528220214821146 -47.67305714644252 -5.852822021482133e-05
4.280118808027723 -1.6225474869534575 -69.87608741037819 -0.001622547486953458
14.896509128617565 5.702683988899626 -30.155661615125958 0.005702683988899624
11.836368982904917 1.425827955865505 -42.03316651010321 0.0014258279558655035
18.690597178826415 10.228682321269133 -37.67882767596085 0.010228682321269132
25.05803996163123 23.784603518256276 -48.762336311365175 0.023784603518256273
29.149649037635722 15.833109395860479 -36.73123827616506 0.015833109395860474
48.159219347743864 19.3512838353607 -46.04091681340355 0.019351283835360694
65.00906710556598 25.19485363417089 -59.24461807116463 0.025194853634170882
80.2384529954635 32.931881561314164 -72.84117427662633 0.03293188156131416
92.71577602840428 25.997230317177678 -87.7882348560051 0.02599723031717767
-1.7111618931433803 -6.258167912694298 -10.966852252105387 -0.006258167912694298
-5.166094319112293 -2.0776935099989826 -18.96721647533012 -0.002077693509998982
-9.073541844723806 8.238188467604465 -25.69997894276701 0.008238188467604466
-13.375345197439467 2.82926926226246 -42.849073437665524 0.0028292692622624615
0.9780575199821953 -8.580301948148234 -13.71035852076714 -0.008580301948148234
16.072873923016505 -19.01969015711984 -19.738369689364244 -0.019019690157119844
20.89051282201849 -28.66648889236498 -30.563185939979608 -0.028666488892364984
13.147323833435276 -29.40306240598666 -29.186699660077153 -0.02940306240598666
5.123362280440472 -21.69086655847075 -13.070338185608431 -0.02169086655847075
2.4683995691162925 -44.89372554678874 -22.32500036638465 -0.044893725546788735
6.659437290861354 -43.194644066871675 4.7697766945339 -0.04319464406687167
-9.017637836657354 1.139320520365869 11.206010192090442 0.00113932052036587
-9.668982793199557 1.2667798623330246 23.410974198298916 0.0012667798623330257
-9.874256904662492 -0.16567210443060953 16.864876332393347 -0.00016567210443060832
-8.694152182735603 -16.542303148359466 23.05712481915746 -0.016542303148359465
-5.892596486420536 -5.209690457740922 18.887736073285367 -0.005209690457740921
36.520478959952854 -74.15387357890374 -5.357963977123074 -0.07415387357890374
41.22174307259266 -50.787012491498274 -27.387036311434684 -0.05078701249149828
49.546766867805964 -38.09842652673817 -27.4891754737283 -0.03809842652673818
47.47163473446166 -33.69294443272063 -13.229173161597517 -0.03369294443272064
44.14210181669222 -24.37640570970887 -1.6329937367459544 -0.02437640570970888
42.92403927840256 -16.59938080848295 12.453167430865824 -0.016599380808482955
41.19783814035998 -5.917820140031501 22.7205306462871 -0.005917820140031506
41.86881882828468 2.486898517687235 34.85272942702456 0.0024868985176872294
41.58612704010769 10.08595860152837 49.104754309416165 0.010085958601528364
41.92133368830078 18.276777801091765 62.00387716581418 0.01827677780109176
44.485560881614646 26.5962039583902 74.3907331309795 0.026596203958390192
52.88349606924024 -30.008541137886983 -38.906152268341664 -0.03000854113788699
51.940294612187 -14.142742446664919 -48.37694092987519 -0.014142742446664925
61.158273625615266 -3.546578729427497 -60.894005758616714 -0.0035465787294275044
58.29134976131584 12.390054889651019 -70.47851047368789 0.012390054889651012
52.13864519293751 23.26944407207058 -85.0185567892842 0.023269444072070575
47.59279707361229 33.12268707335295 -101.52678516468066 0.03312268707335294
37.00745914128464 35.011884566950414 -116.41334554819949 0.03501188456695041
21.910307910419824 30.231989893539296 -126.27990898284148 0.030231989893539292
7.709750562558186 26.56946726313851 -137.4361597008684 0.02656946726313851
-1.9111362541864363 26.59799575483441 -153.42057353359684 0.026597995754834413
-25.08650676811562 21.664678078416735 -185.84239429990652 0.021664678078416738
-17.011262698926 9.424436777433664 -168.30971317723774 0.009424436777433666
37.150700796020594 -53.685914271329935 -6.923934031258973 -0.053685914271329946
28.845506500954954 -41.94984435478888 9.180698590354378 -0.04194984435478888
22.105591953991272 -28.5838679915453 24.370898735843994 -0.028583867991545303
33.307171263323006 -12.488289068493781 21.20429197221354 -0.012488289068493785
62.6287108684562 -2.3654043592318077 -1.6466628808703139 -0.0023654043592318155
90.65057705866428 5.2394746937898855 -24.69505564301363 0.0052394746937898746
120.90109374010139 14.146155510138783 -38.422792184449946 0.014146155510138769
148.16876460333702 19.803692841109896 -25.48678818562891 0.019803692841109877
24.164395433627377 -15.276742164040567 50.76592767530296 -0.01527674216404057
38.61347968841899 -3.637067468082931 84.87768983494828 -0.003637067468082936
41.70245085555759 -4.045388087223135 118.23822736608216 -0.004045388087223141
8.535318253620103 -9.059894065134058 126.4845352471444 -0.00905989406513406
22.062721241488397 -21.024051948055742 13.352151082530876 -0.021024051948055747
9.787350057822756 3.482969007756049 12.963689945993007 0.003482969007756048
12.169141776592229 -2.7217699515647045 -6.840679028151081 -0.0027217699515647057
4.5756183849441685 2.785913746459899 -31.529233433225883 0.0027859137464598988
-7.573443148132208 14.070927889009655 -50.30543249561403 0.014070927889009656
-25.17321081662351 18.220051476810227 -48.93235376871718 0.01822005147681023
-37.14340726430298 25.820743880443345 -49.46238996663115 0.02582074388044335
-49.14179080852283 33.7535221298717 -50.26599394307033 0.033753522129871705
43.570860327946576 -67.14455747990179 9.98485653443175 -0.06714455747990179
32.54249040464918 -65.64650424190614 -19.500229545969287 -0.06564650424190614
15.341062928897678 -60.242099196627905 -20.55306127709716 -0.06024209919662791
0.5311652002494307 -65.1496714515404 -25.166736626230193 -0.0651496714515404
40.60489168515494 -61.3528939992347 -23.31733929767549 -0.06135289399923471
35.07861567880812 -69.07941730749074 -30.9560013763771 -0.06907941730749075
24.257456121382198 -76.3860884444291 -29.42393889181728 -0.07638608844442911
31.26439276040975 -85.65346093709772 -35.499878810386846 -0.08565346093709772
42.66660113710756 -92.13553209345586 -38.02596641384676 -0.09213553209345586
55.25433985795545 -95.09948733438017 -41.14227918317502 -0.09509948733438017
64.60734128227217 -100.63368949067703 -50.50658326729311 -0.10063368949067704
72.95555135004244 -109.80462199749121 -54.14367239646756 -0.10980462199749123
82.53612958792172 -118.63184671625388 -53.18527560010371 -0.11863184671625389
56.975198570640075 -64.16638979607339 -17.704491128481926 -0.06416638979607339
66.00207707856583 -69.72441044467053 -32.73589845735398 -0.06972441044467054
73.53786948169247 -76.35038037565357 -48.79432842890175 -0.07635038037565359
85.92948968978908 -86.6033460713438 -60.10586494785591 -0.0866033460713438
97.89561749761313 -93.82913590129894 -72.55471124526636 -0.09382913590129896
107.21948728669918 -99.09215178698338 -87.56005155391189 -0.0990921517869834
66.01693521338062 -62.55657960434283 -7.224891998990207 -0.06255657960434284
90.42337510357132 -61.31185427633517 -6.6980359896615145 -0.06131185427633518
113.20010411399085 -54.03148967279317 -5.011436600318946 -0.054031489672793184
135.68883356654572 -43.35274838207519 -2.748707859033982 -0.04335274838207521
160.26257927261776 -40.16269688062736 -0.002260183083738203 -0.04016269688062738
179.72735896166228 -29.627712667871307 9.676678354252633 -0.029627712667871328
197.7540405764077 -23.58978012886023 15.330958656528171 -0.023589780128860257
36.201017864354355 -89.96661474398701 24.073864987952877 -0.08996661474398701
28.859082271839128 -66.69331193472824 20.225238672780126 -0.06669331193472824
28.278490613156954 -49.11240934770423 12.861898932547705 -0.04911240934770423
41.482270500682674 -43.16136798881659 -4.721533004353545 -0.043161367988816604
49.45751690690892 -38.09177500638974 -25.222555887257318 -0.038091775006389744
65.17197521088637 -24.915977229495283 -36.20567730854545 -0.02491597722949529
81.1333452475088 -9.278383327065137 -32.93295181082183 -0.009278383327065149
94.14931021808107 2.186456005951357 -46.941901138919334 0.0021864560059513456
113.26485948922229 12.630835214826018 -62.72090481129467 0.012630835214826004
24.236052219900163 -43.63137364164831 19.286580351762687 -0.04363137364164831
21.972403423312198 -20.600614820188603 15.122663066032608 -0.020600614820188608
12.893392146171239 -1.845884298840749 9.206177404243165 -0.0018458842988407504
8.3483109873679 16.694365044412805 2.3583200025670394 0.016694365044412806
2.302310207295771 33.11943268796011 -7.866115285570331 0.03311943268796012
5.009634764442031 51.138938285666484 -21.371882003089233 0.051138938285666485
9.322509749194742 59.49278015259066 -42.72040706110145 0.059492780152590664
3.9224312173610754 68.1616237412738 -64.54151323038141 0.0681616237412738
-2.6932322810093656 51.437435680945356 -22.776350555742827 0.05143743568094536
21.416928892083558 -6.2823976694306864 4.077187062269752 -0.006282397669430689
22.887415581037715 3.8843971492883975 -8.036124500947205 0.003884397149288395
21.616667513185465 19.30805864433565 -10.292957416261393 0.019308058644335647
22.578080779217423 31.020459175254622 -11.335132053746836 0.03102045917525462
29.368123376850193 35.775076476855624 -25.72348725570469 0.03577507647685562
34.04667108994787 45.155288755236036 -38.230872763630956 0.04515528875523603
40.16946393300472 55.0005358222852 -51.49150938961288 0.055000535822285194
45.32289114115892 62.674252249242755 -65.40122184676716 0.06267425224924275
49.640139378491 71.99442857189034 -78.41257077452045 0.07199442857189034
28.463175570255494 -101.41758580324385 24.2208045273049 -0.10141758580324385
23.477748129056334 -83.55955759992057 34.12602004722029 -0.08355955759992056
25.823284538963094 -55.84485132820865 36.630151451628095 -0.05584485132820865
23.054939385320864 -30.500499357329808 35.784282671181934 -0.030500499357329812
13.168793107898495 -14.057469328817874 24.615469393093722 -0.014057469328817875
26.28683961755292 -33.34496126627423 50.85490062703377 -0.03334496126627423
25.89424071688544 -22.05939890858768 67.82953532684563 -0.022059398908587685
15.726532349880067 -7.054028791822385 78.68209277275116 -0.007054028791822387
20.494147074283344 -61.27320800616873 39.34845794258932 -0.06127320800616873
11.917405952288362 -50.32827892239378 61.07183764827613 -0.05032827892239378
-3.6764635311023612 -41.84243692184483 79.98251800499828 -0.04184243692184483
-12.818718773891536 -43.94103778128199 104.6936030593954 -0.04394103778128199
-14.725649706741782 -27.744128167490686 122.79608748357816 -0.027744128167490684
-14.062421023869275 -1.923432292617592 124.82972550819358 -0.0019234322926175902
-14.650359910954567 18.76274269180786 123.8365203360438 0.018762742691807863
-12.188711252291645 32.85281850634607 122.83327613776653 0.03285281850634607
-7.053094372986141 46.11320850293714 124.60142532568125 0.04611320850293714
44.025726337018234 -84.12018792330935 -15.365034779017622 -0.08412018792330934
34.79023339869613 -74.09077268873334 -22.413182087524735 -0.07409077268873333
23.210792263683754 -64.64234995873365 -23.75531306921347 -0.06464234995873365
12.607140410619516 -56.8991605720996 -20.46496740139582 -0.05689916057209961
4.048972297012744 -50.12491387450717 -10.895419863940326 -0.050124913874507175
-3.0602910639158583 -44.34579303106885 1.0537467143206563 -0.04434579303106885
43.457215799729475 -84.37530835393177 -4.598248572918418 -0.08437530835393177
33.862860933523145 -69.27826750933058 6.861239383880356 -0.06927826750933058
21.789555103808848 -52.44837851944613 12.020404534220086 -0.05244837851944613
26.510420516431875 -41.38301192783055 16.165737350910568 -0.04138301192783055
47.404460284621905 -51.72547098189248 28.511004800755206 -0.05172547098189249
64.62001606490318 -57.41616124717999 47.188187119849054 -0.05741616124718
57.21498181307457 -67.53429852583454 71.79507664909907 -0.06753429852583455
40.91651651212548 -44.553259562100685 29.776403746685737 -0.04455325956210069
46.19576421931101 -47.37065628596677 40.958837680610486 -0.047370656285966775
51.84240551481461 -51.247460219394384 51.93630318287831 -0.05124746021939439
13.67908722587137 -42.07540424509026 5.546323445110308 -0.042075404245090264
1.7323381418678303 -43.47026419103066 3.193109330798967 -0.04347026419103066
-6.811098923069814 -41.3469308545141 -6.074756344090337 -0.0413469308545141
-10.217693316108921 -34.166636967556144 -18.24586371691972 -0.03416663696755615
-18.421841577666818 -27.851725096376658 -27.066901578171237 -0.027851725096376654
-29.70355161294728 -21.988159407973342 -31.966100371263888 -0.02198815940797334
-42.33654037071484 -18.04852827902694 -38.05982204704995 -0.018048528279026935
-54.21550202646059 -15.2969795475641 -44.294743486752324 -0.015296979547564092
-65.23722230115476 -12.717647795086613 -52.102841419872924 -0.012717647795086606
-77.02581908038317 -8.600981947016738 -59.88029509493134 -0.00860098194701673
-88.23864504305328 -2.9219060274588244 -65.4355600634064 -0.002921906027458814
-94.51129326432216 3.856917224336325 -75.47638617346655 0.0038569172243363365
-95.96570769269371 16.52293528487939 -81.50693394551327 0.016522935284879404
-92.69003848418473 22.853569164119968 -93.03968578566173 0.02285356916411998
-89.06713075431155 29.971658922420957 -103.773483550865 0.029971658922420968
-85.79779870984352 41.419290243436095 -112.4572252170128 0.0414192902434361
-81.58062556589657 50.61938929856574 -121.72281142486518 0.05061938929856575
-76.6264444238464 61.67583403707387 -128.10632952471877 0.06167583403707388
-71.63859241881427 72.70022728506088 -135.7908914380703 0.0727002272850609
-63.6363840148187 77.8896002044549 -145.56650176491576 0.07788960020445491
-57.10033513706537 80.23137510102521 -157.45882564406884 0.08023137510102521
48.62766142672502 -92.86664683445932 -19.445325383608107 -0.09286664683445932
43.070865124146955 -80.56592177848464 -38.70917523886841 -0.08056592177848464
23.532465142271278 -69.92167239243182 -45.68698518849507 -0.06992167239243181
5.770593916976495 -59.33262674319342 -55.33730622941305 -0.05933262674319342
0.7979426571827701 -46.39203189147649 -59.69593980468647 -0.04639203189147649
13.058672323635804 -42.442159536086436 -68.07314145564635 -0.04244215953608644
28.525732633394043 -43.47358649950996 -71.04608870874257 -0.04347358649950996
44.66155251002775 -42.94428052771153 -75.3707166935613 -0.042944280527711536
58.27990628219733 -42.91088490911301 -82.32277393800489 -0.04291088490911302
66.12123149020931 -50.12009715515374 -93.89797849480453 -0.05012009715515375
81.30270854062988 -55.38391522190561 -96.76759648207022 -0.05538391522190562
94.86785866820473 -55.164584339523486 -104.58672352469975 -0.0551645843395235
106.54192907652904 -55.96977118577953 -115.18384635687194 -0.055969771185779546
119.13738981713593 -55.458308613710926 -126.16715413540874 -0.05545830861371094
133.5110042992181 -53.03367619904128 -132.22139804293198 -0.0530336761990413
145.43129334136515 -50.513202391725756 -142.1991834565402 -0.05051320239172578
-5.527500642154935 -43.819975068608095 -51.51889579050391 -0.043819975068608095
-10.900805031300429 -30.662297757406936 -51.80588635677029 -0.030662297757406937
-20.573583658602427 -20.654665026507708 -54.46836667782207 -0.020654665026507705
-31.49778888517836 -10.793936354985748 -49.90161574084564 -0.010793936354985744
-42.37122159177543 -3.0391961437847597 -52.41154555341289 -0.0030391961437847546
-52.82653078789166 4.0504114872646735 -59.16746982160562 0.004050411487264679
-64.11087693724346 13.384700747698174 -63.997845278262396 0.013384700747698182
-74.9106519692103 21.74009279780806 -68.21295607701965 0.021740092797808072
-87.84279105967406 23.858620164894237 -74.12107655930227 0.023858620164894248
-101.56900868389474 27.391090402719627 -80.17998121456358 0.027391090402719642
-115.14250035859067 29.004046213821923 -84.76666114065799 0.029004046213821938
-129.06280903836847 30.52160415798063 -88.1714713122665 0.030521604157980643
-143.99289285490553 31.261523083711854 -91.65324400071421 0.03126152308371187
-157.6380216962492 35.59381674550029 -93.30715961549691 0.035593816745500315
-171.77589306784944 35.91834477802759 -95.86987444378626 0.03591834477802761
-186.67692526478302 34.37787903358826 -99.53350897261308 0.03437787903358828
-200.8826649478995 32.331653332285384 -100.76771712476535 0.03233165333228541
-214.74218839408618 31.709287692054893 -104.51727846247655 0.031709287692054916
-229.1885343079672 35.72088057356671 -107.88815193961555 0.03572088057356674
-241.70278317907875 39.81926055925395 -113.4362665842139 0.03981926055925398
-252.02839040353166 42.27763082203015 -123.17967584173223 0.04227763082203018
-261.76648273804153 45.39777386871249 -134.729025218093 0.04539777386871253
-270.9567839240842 48.577965611967784 -145.36473196863497 0.04857796561196782
-278.5539195386988 57.324574032961856 -153.01159208172027 0.05732457403296189
-279.2485143531242 68.34933725881015 -161.0882396213143 0.06834933725881018
-273.37717451635194 68.41725254435343 -174.22624922007128 0.06841725254435346
-268.8763164928231 67.39976658963707 -187.78258123561216 0.0673997665896371
-267.46345032568206 67.7953166440843 -203.1352564962162 0.06779531664408432
-267.9584178253664 66.93372588842394 -217.5123183445231 0.06693372588842397
-270.0693641348406 64.76824681068828 -231.60411109567173 0.06476824681068831
56.08475904940191 -82.34308622740453 -37.199842150892366 -0.08234308622740452
56.14331942102656 -80.7487126572111 -19.492046703506688 -0.0807487126572111
53.070330202676 -79.44113801206312 -1.9528132846118424 -0.07944113801206312
46.943397340596384 -67.5944043365087 12.084773099706993 -0.0675944043365087
36.81473954809998 -59.36804245941641 24.572535446227874 -0.05936804245941642
25.014443172235225 -53.76571115388245 37.59593618671225 -0.05376571115388245
50.513629205720825 -87.85376592012813 -51.58419292676622 -0.08785376592012813
61.87450873107568 -88.7381743633182 -62.82928271534014 -0.08873817436331821
74.50869702799436 -84.57308502692655 -73.60116102958224 -0.08457308502692656
84.41037129114977 -78.83276172021746 -87.04997288906698 -0.07883276172021748
92.22989380416709 -77.41859112638215 -102.99020669956468 -0.07741859112638216
105.70545445090892 -67.20299405938948 -114.28551560662147 -0.0672029940593895
124.78263452977893 -56.61255397116401 -123.65946968442141 -0.05661255397116403
131.41888788944422 -35.896665754706035 -112.87092931231689 -0.03589666575470605
151.16650138686026 -22.353528184851104 -105.43744825250423 -0.02235352818485112
164.20119477423611 -2.238743050881559 -106.7229232059383 -0.002238743050881579
174.727401434125 15.026795900616804 -121.05245236241176 0.015026795900616783
186.36437755970036 30.831575709214412 -136.9285907077396 0.030831575709214392
187.8525681253974 43.87065882736516 -155.4033792426388 0.04387065882736514
190.587423099025 47.979253745442925 -179.37771391872477 0.0479792537454429
195.8306780871256 53.02359162599432 -182.37492959137307 0.0530235916259943
208.84500722133694 56.745012704234355 -181.8870547188788 0.05674501270423433
211.26000417705524 66.88821612274516 -188.98863029311732 0.06688821612274513
223.99360249998028 69.41432308687875 -193.08814860621018 0.06941432308687873
173.5783814174487 48.72708527965787 -187.03007429998434 0.04872708527965785
52.98566901026295 -95.52600856518492 0.31470367848881003 -0.09552600856518492
66.2558822160253 -84.02209934143227 3.1266872048408905 -0.08402209934143229
82.25015157800416 -77.10795345298511 7.938739163321259 -0.07710795345298513
96.84596805777579 -68.04763961183218 16.686243581420193 -0.0680476396118322
110.83256983198856 -57.133727887431185 19.98249152906299 -0.0571337278874312
124.93619957973593 -48.86312793399129 26.69768274508691 -0.0488631279339913
49.300248074472954 -76.50012855036083 11.331097851659912 -0.07650012855036083
59.39134176604583 -60.83105731358552 10.784144461578425 -0.060831057313585526
67.31184203908253 -47.43676713172674 0.1233243215095876 -0.047436767131726745
72.62520287221284 -36.20478173558271 -13.60176885366505 -0.03620478173558272
85.39098734327668 -25.143792455498442 -20.50240758520028 -0.025143792455498453
97.73642213842402 -13.206720170482592 -19.29773566792125 -0.013206720170482605
104.48018420638239 -1.1264908415514614 -26.529167375045024 -0.0011264908415514743
115.56423625734433 4.699587412689757 -36.2312310635093 0.004699587412689743
129.96178969575524 3.789515756009867 -43.942328867692225 0.003789515756009851
143.34129895921606 3.7983110983863027 -53.295952125782854 0.0037983110983862848
160.2708921353903 7.2026450545117155 -57.911526493953346 0.007202645054511696
177.13422855662566 2.059407587096913 -57.33688732418782 0.002059407587096891
193.57598004302056 6.459853017332623 -53.51860295606975 0.0064598530173325995
209.21676362488455 13.619737374014726 -51.42796843671217 0.013619737374014701
222.60712433558766 21.64894409992511 -56.11432195937783 0.021648944099925082
237.6644831032155 29.621870747238894 -57.418478008380205 0.029621870747238866
155.53319758893463 7.358596437366265 -50.37203034877757 0.007358596437366247
163.04157454244077 9.388356121867423 -38.381832944337354 0.009388356121867404
178.00467325547515 14.282520548181575 -40.50440413843981 0.014282520548181554
103.97742012657115 -5.6897344448297 -24.94528779869659 -0.005689734444829712
121.93690515679579 12.403148301188194 -35.85710633368437 0.01240314830118818
136.0060322956068 20.67178645018857 -45.704138314755276 0.020671786450188554
149.75455602093706 30.37892098557481 -54.49807591229089 0.030378920985574792
121.54817445771846 13.61726204628183 -27.972778379108227 0.013617262046281817
135.23084716246743 22.481794169041404 -32.71397106036602 0.022481794169041388
135.76959389768916 16.13402505992773 -47.18196997310363 0.016134025059927712
12.781412510039164 -55.33116318293767 -6.860743670657042 -0.055331163182937675
0.8610431604381905 -50.41085091797777 -2.6099412639052115 -0.05041085091797777
-9.211202033692835 -41.081263208047844 -0.8203330111677536 -0.04108126320804784
15.388392118552012 -54.727903333977494 2.2387722711915696 -0.05472790333397749
5.818482935388911 -46.312528338438185 21.75536030326231 -0.046312528338438186
-2.566215790852901 -37.59651401648607 41.52949130546523 -0.03759651401648607
-9.495400251973798 -26.776157638941118 54.76356055707122 -0.026776157638941117
-13.506276319924755 -23.898358595976525 67.16108053073107 -0.023898358595976527
-18.55535597949312 -21.657158031468 79.31357969480298 -0.021657158031467998
-24.023714252956893 -19.98461167500595 92.48563585885094 -0.019984611675005946
-29.707777891498058 -16.474672872812366 104.02034141475445 -0.016474672872812363
-37.73011183761605 -12.329426944086116 113.83900487022483 -0.01232942694408611
-45.679699499543034 -5.296619968323518 123.42737894308257 -0.005296619968323513
-54.616950203631305 -1.3436690529326265 132.09325112903483 -0.00134366905293262
-66.83412594466483 -3.166761874323612 137.0069661037905 -0.003166761874323604
-78.57209736695452 -3.506048085841029 145.00172310576818 -0.003506048085841019
-88.63234592040598 -2.893687716885096 153.73283922488523 -0.0028936877168850854
-99.30559471280165 -0.9704786158333123 161.50710570684615 -0.0009704786158333001
-109.94805207770976 3.0798852404312456 170.1227605212579 0.0030798852404312588
-120.52003410356195 2.573827007695419 177.49571152176117 0.0025738270076954336
-129.60443632720617 -6.020567510257149 182.0816471791755 -0.0060205675102571335
-21.72777646801262 -23.232859900068394 59.899536122147495 -0.023232859900068393
-32.23335699430075 -31.9003842416407 82.4621128391705 -0.0319003842416407
-60.21606353433835 -46.363652763439816 91.68432276992552 -0.04636365276343981
-90.09327605641809 -64.73438638031908 74.75630720119575 -0.06473438638031907
14.802162024878262 -57.38110757987351 -13.790426314457228 -0.05738110757987351
10.516409761705404 -46.5157484967942 -22.222204180959586 -0.046515748496794206
3.881670598025154 -34.518804505351696 -25.218514336684535 -0.0345188045053517
-5.17788307283957 -22.383236471071307 -20.497837121310155 -0.022383236471071308
-12.69510620388507 -10.092212126552258 -20.137156204533778 -0.010092212126552256
-15.719201729752989 3.5846680453476205 -25.027400978365446 0.0035846680453476224
-19.571187001762702 17.986350573309032 -30.14068994571825 0.017986350573309037
-20.670620009081432 32.061987226893756 -34.80610339455765 0.032061987226893754
-21.451093822793073 42.98785076436792 -44.3573563590853 0.042987850764367924
13.26147813548987 -69.84349076080423 -18.84644882262302 -0.06984349076080423
-4.23440133367559 -73.39356969498414 -31.5472508567386 -0.07339356969498415
-19.504087824677917 -69.00447633079 -45.51040239053486 -0.06900447633079
-33.17477961752821 -60.257860417830955 -61.471257158964555 -0.06025786041783095
-48.01422441186527 -51.230577437688794 -75.339800974941 -0.05123057743768879
-64.80461408668563 -45.57348701711172 -88.80602182054908 -0.04557348701711171
-84.28995305220076 -39.486679880701104 -99.83827356457996 -0.0394866798807011
-101.55799923742279 -33.916265296875025 -112.72617899554913 -0.03391626529687501
-119.04357019771956 -29.677580428446518 -125.78451081337307 -0.029677580428446506
-134.51655061195382 -24.2010707503389 -139.42135937600702 -0.024201070750338883
-146.8922647131562 -16.033252467693128 -150.22467746611596 -0.01603325246769311
-161.31258945152487 -12.589126317623796 -161.18192845762815 -0.012589126317623777
-174.95254086291433 -8.886237072028297 -174.56871607013557 -0.008886237072028276
-187.9393473343997 -3.103105207532475 -186.36451655456787 -0.003103105207532452
-200.00118594480472 3.306580928262556 -198.82815902601754 0.0033065809282625805
23.302865201720014 -58.24079978047823 -22.936200809428335 -0.05824079978047823
9.809479843677094 -44.05480825596166 -43.47285835027843 -0.04405480825596166
7.739352589276813 -32.28010784540978 -56.8047344919508 -0.03228010784540978
8.340690653674638 -26.67814295912014 -74.36783342310417 -0.026678142959120143
1.6888023529956557 -18.4124581021589 -91.69239316249723 -0.018412458102158902
0.13797670950590094 -12.006837008998795 -109.92232221639034 -0.012006837008998796
-2.094884461236262 -11.940029605344867 -129.5106736610831 -0.011940029605344868
-2.7130695595571916 -8.808271011607768 -149.47382422903945 -0.008808271011607768
6.299821315706216 -4.124524167067889 -166.2610631889188 -0.00412452416706789
22.6756230573004 -3.2014923654658842 -176.82125865555895 -0.003201492365465887
37.63449876817736 -5.016512599056762 -183.54652306525378 -0.005016512599056767
52.1735620064278 -15.66145625222273 -172.80483033336986 -0.015661456252222736
64.22634872673831 -24.425815509193544 -159.82398910947288 -0.024425815509193552
74.21429701481453 -38.73019621577343 -147.46390229356348 -0.03873019621577344
93.11752835622674 -44.12791414190515 -148.49808838088646 -0.044127914141905165
112.74014898527126 -40.031018572971966 -154.44663409092766 -0.040031018572971984
129.49521445917006 -34.35095597752189 -159.37659272952823 -0.034350955977521906
142.0692166457643 -31.156147599566808 -164.78747030065773 -0.031156147599566825
154.18258369784408 -31.015816390364904 -171.89425019714437 -0.031015816390364923
32.0511899377465 -8.669015654252528 -191.98992068254017 -0.008669015654252531
38.17089883670401 -15.10950612469874 -208.71252026959888 -0.015109506124698746
50.840618501733545 -20.981768578355254 -221.71142670643638 -0.02098176857835526
62.11748192743063 -28.8966169183718 -236.27459487261387 -0.02889661691837181
68.37533552301731 -43.40814524022214 -246.93303667873695 -0.04340814524022215
79.14865421866699 -51.137300795482425 -259.98756487855 -0.051137300795482434
37.258466273824034 11.281975916385655 -37.32663716407501 0.01128197591638565
38.57736443978746 0.8122459923242762 -43.91400894312456 0.0008122459923242714
42.404962504721226 16.13793300555751 -53.9804677792406 0.016137933005557506
53.32921627341706 27.956850808161 -63.35487427156485 0.027956850808160995
59.51996698581475 34.92974539210354 -79.94640750740732 0.034929745392103535
70.43244284801303 41.19454251309236 -94.17220487963158 0.041194542513092354
85.73880587753519 47.1864923359161 -100.5040842597509 0.0471864923359161
98.6254136600274 56.88061267972857 -97.23592561420276 0.056880612679728555
93.28844377222744 67.77724460492345 -88.46972145776093 0.06777724460492345
90.34356428830225 47.271613580117915 -98.88385034277283 0.0472716135801179
38.5849854864999 -21.122323378829037 -23.808694178652345 -0.021122323378829043
49.277958079919685 -21.507668289620646 -17.667451605633822 -0.021507668289620654
62.675188753238125 -23.24186418769865 -16.339389211026898 -0.023241864187698656
24.701243759256904 -22.416622632281722 -32.70566439529801 -0.022416622632281728
12.756361198726156 -9.231016619488035 -40.034680874641424 -0.009231016619488037
2.6005263950936963 1.6083836871805401 -52.3289636582113 0.00160838368718054
-3.972575847246392 16.880874082510605 -64.15814551872134 0.016880874082510607
-12.448116082517835 26.723158476299727 -78.63470538800041 0.026723158476299726
-28.563400225799302 30.827176884143533 -88.0081280953504 0.030827176884143537
-47.64099225737187 30.39375957745773 -91.33703754278332 0.030393759577457737
-65.77616016948946 24.480496446688218 -94.53889779048136 0.024480496446688225
-84.02234866848025 21.196930908138533 -100.75032870399403 0.021196930908138543
-102.89120265433212 18.744048825219505 -108.12136542712857 0.01874404882521952
-120.48180578926778 24.37293115099193 -114.24655548241464 0.024372931150991945
-138.1934474720843 27.378792341627076 -121.248210819131 0.027378792341627094
-158.40490432801732 27.11007877237623 -124.31837815116292 0.02711007877237625
-176.69396201815573 23.307074366962247 -130.02532494120595 0.02330707436696227
-195.725854442485 19.797910725117525 -131.40744335454153 0.01979791072511755
-213.63168718557978 19.68410291017982 -139.73270320006716 0.019684102910179847
-230.81358647150142 16.37539504178745 -145.02056976365782 0.016375395041787477
-246.38694589298132 5.602632328539507 -140.28018272234448 0.005602632328539537
-262.7989139474913 -1.6716404134904503 -131.22453765887184 -0.0016716404134904182
-273.9101045153964 0.3362625194511636 -115.38825789777441 0.0003362625194511971
-291.05428324289784 0.7498013970708581 -106.04489001432174 0.0007498013970708938
-312.9710959448788 -5.055663217512035 -101.66839214803174 -0.005055663217511997
39.76193363063104 -41.89529095379328 -35.749729154463644 -0.04189529095379329
47.03893176438791 -41.9186460053124 -55.56432765066114 -0.04191864600531241
53.24830005973281 -45.84796957146497 -76.12869271439368 -0.04584796957146498
56.7018435413226 -50.34703473047571 -98.24244021149119 -0.05034703473047572
57.246941940564454 -55.25792761753962 -119.52027620772648 -0.05525792761753963
53.97441745994975 -58.13457837825433 -140.813838990472 -0.058134578378254344
58.44408073644436 -54.283050941326735 -162.34759482275325 -0.054283050941326745
70.84425854349342 -49.39466570569676 -179.25638984729943 -0.04939466570569677
82.08034732543776 -36.78840480308651 -192.9577246006402 -0.03678840480308652
13.5506999910067 -26.32155458141973 -13.91665949332392 -0.02632155458141973
-17.30447201898779 0.10382412096120634 -14.770021153809017 0.00010382412096120847
-50.17397472197631 20.857319531806105 -16.91826926873176 0.020857319531806112
24.62569363617916 -28.97026373038545 -12.123677029429974 -0.028970263730385457
15.041865736120558 -11.900091925866366 -1.371884714255505 -0.011900091925866368
3.121184965801104 5.729742162190796 -0.9470993570179093 0.005729742162190796
4.772921049878897 -54.801675656999606 3.246608757152007 -0.05480167565699961
-11.896035184719342 -67.91112649505179 -3.1845626085335765 -0.0679111264950518
-29.043452463679376 -75.05653303132497 -8.026440056448441 -0.07505653303132498
-42.587228069423865 -82.515252597238 2.7163045302935767 -0.082515252597238
-54.66021972137577 -72.62849351469754 13.873391721512068 -0.07262849351469754
-72.22515422643588 -80.85300325221662 14.868264953595212 -0.08085300325221662
-78.44196382992374 -90.18360658844087 25.90873258801588 -0.09018360658844085
-77.4493475648762 -99.1027000638114 38.94072607073064 -0.09910270006381139
-83.32824288087077 -110.03294245596209 46.98417752305458 -0.11003294245596207
-86.04059845282757 -124.464364893251 48.885472517121144 -0.124464364893251
-93.00572291726994 -138.5417550142952 47.89066189750844 -0.13854175501429522
-91.19672606039866 -151.3847370261833 42.25927560199326 -0.1513847370261833
-82.54522418993939 -159.72750066864842 33.91729526436679 -0.1597275006686484
-79.28166616166928 -173.84728690929603 27.806225518625894 -0.17384728690929604
-69.23831056757963 -179.6282960119021 28.77784810012605 -0.1796282960119021
-58.56093783132022 -173.4047108231529 36.616248651288196 -0.1734047108231529
-50.50205606446724 -179.48184151809002 47.70594368318572 -0.17948184151809002
-50.54685387233959 -190.28134103867305 57.6928011065161 -0.19028134103867306
-44.73519281048319 -200.80922999519882 66.21780587342327 -0.20080922999519882
-36.066070736348905 -226.5404569943463 82.49141572058767 -0.2265404569943463
-38.97326914886868 -219.72840319574365 68.10592019898326 -0.21972840319574366
-13.099585435166881 -222.2762054698765 66.37658045141687 -0.2222762054698765
9.175086131368854 -226.58059820023882 68.2630393670299 -0.22658059820023882
18.78002965680254 -222.16909699874904 90.2253637182393 -0.22216909699874904
27.89858227708425 -205.4482114738839 106.76612325534983 -0.2054482114738839
-79.63427391077093 -97.3476910149817 39.68360394591236 -0.0973476910149817
-91.88142716963749 -102.95973245774424 44.428593804622444 -0.10295973245774423
-105.73695944070744 -105.64976965239634 47.06658183622563 -0.10564976965239634
-114.42548012632582 -110.10580198955304 59.563478836513895 -0.11010580198955303
-122.6969569829707 -112.9768924042775 71.67840381912615 -0.1129768924042775
-124.48953726800997 -116.22869867449424 85.81366534024923 -0.11622869867449423
-124.41540671376015 -125.133989395627 99.1190895087698 -0.12513398939562698
-125.13081816630381 -131.0880621057657 112.9196962818648 -0.13108806210576565
-124.52244729706793 -135.37676761895904 127.32050555517681 -0.135376767618959
-123.89991674724797 -144.43414419646274 140.40963209536582 -0.14443414419646272
-125.82313652722844 -153.700265099933 152.05058598282386 -0.15370026509993298
-127.04157175986441 -165.29534297083413 161.1617762593784 -0.1652953429708341
-115.57096748910503 -179.09596594935172 175.7437073251916 -0.17909596594935173
-24.834964574388085 -65.41572499116836 -1.6481855658261608 -0.06541572499116836
-36.08165410933428 -57.31624189196107 -16.34080975669071 -0.057316241891961064
-28.47860775844066 -57.71090921491584 -36.514529276360534 -0.05771090921491584
-22.934070331147996 -47.316555251685934 -53.57760265339539 -0.04731655525168593
-28.893946410902174 -33.95688134868729 -70.7667162269441 -0.03395688134868729
-34.86105271256627 -24.685985265856544 -89.40259900127967 -0.024685985265856542
-41.883205160279516 -18.55419519981075 -108.65111296551902 -0.018554195199810747
-45.447967377473795 -7.683714463238329 -128.09075810968474 -0.007683714463238324
-37.712784615032206 7.158028041609089 -139.29338931023133 0.007158028041609094
-35.76847582193388 16.69544204301677 -154.84645508475208 0.016695442043016772
-55.27732496563274 -62.061918989395394 -11.104599835621334 -0.062061918989395386
-75.87863878081009 -58.0428018740935 -6.678797858878312 -0.05804280187409349
-88.61476263663765 -53.82268669010885 -1.5980996129962826 -0.05382268669010884
-99.16846540009738 -48.46010425317829 6.809811439114036 -0.048460104253178274
-98.46622967942783 -37.24304555832697 0.8192826076331086 -0.037243045558326957
-87.9633542669014 -29.80536144518508 -6.122966742577656 -0.029805361445185072
-79.11169662307894 -19.243184535479635 -4.274834476874037 -0.019243184535479626
-70.17777202323705 -58.032382590505044 -0.5063691129927141 -0.05803238259050504
-67.89556416408072 -57.24169473336181 11.764690162584717 -0.057241694733361805
-57.81709896937788 -57.80028329692008 21.44966678593468 -0.05780028329692007
-46.75794213754226 -54.619018881120326 30.582796826687364 -0.05461901888112032
-33.146955694914695 -51.47436102389946 32.33115629163097 -0.051474361023899455
-19.133762018673416 -52.46225030654008 33.573415240817894 -0.05246225030654008
-10.729471958256141 -57.09267669411164 12.878435371762144 -0.05709267669411164
-19.87728297752296 -50.77972355703166 23.229720759093134 -0.05077972355703166
-28.167079853772606 -46.80067782257822 38.32738045314005 -0.04680067782257823
-34.133762884153676 -60.63398753781423 38.27430905556734 -0.060633987537814224
-38.4051736572683 -76.3271944168831 31.228318360268435 -0.0763271944168831
-58.012552270913154 -88.47235305368535 24.794643906102912 -0.08847235305368535
-76.90013866763289 -98.86997324320608 9.292791095243642 -0.09886997324320607
-84.98519645872642 -107.65224911551088 -14.892659368355726 -0.10765224911551087
-89.75734747631972 -136.53349894698192 -25.525504419732165 -0.1365334989469819
-71.26825012317668 -111.07130795019374 -12.200513684203143 -0.11107130795019372
-59.53689812819874 -113.15634661190511 -19.475621798825053 -0.1131563466119051
-45.18166934757478 -111.03618918133532 -21.501782913500218 -0.11103618918133532
-73.88291000510006 -113.87416580615422 13.774347209392694 -0.11387416580615421
-100.84135640849942 -116.1009430858223 24.24779776351832 -0.11610094308582228
-130.18631513770202 -124.40236781530795 29.770154932307403 -0.12440236781530795
-42.55938560920087 -90.4176947109801 26.683508124188613 -0.0904176947109801
-47.52092920770743 -102.27101258248696 28.889121571365692 -0.10227101258248696
-62.556072358487626 -111.31578998784887 38.97686152644011 -0.11131578998784886
-85.47711324497527 -135.25998140202677 42.81323895065082 -0.13525998140202677
-108.79991465177459 -147.53069310750737 37.53824631690496 -0.14753069310750738
-126.45428979589431 -164.71304598832464 48.97543661084893 -0.16471304598832462
-144.38873233389032 -171.85187567690423 68.83269703934303 -0.17185187567690421
-161.57145452360558 -188.5909345339511 75.11106746811667 -0.18859093453395107
10.612332239113181 -71.03939598885742 10.998176666675757 -0.07103939598885742
13.270791736453972 -79.26100071871433 32.86605238645789 -0.07926100071871434
16.826553878029884 -81.19285605172355 54.91064243341078 -0.08119285605172355
14.886283079666736 -79.02150321580012 71.81894716138252 -0.07902150321580012
24.908102514679346 -79.44922229150289 70.48704809702213 -0.07944922229150289
17.01759847878646 -91.15379701572985 79.891487855791 -0.09115379701572986
15.14245607040737 -101.03794831348634 93.37107118503039 -0.10103794831348634
21.350375354799322 -112.56791174211052 104.39543256035228 -0.11256791174211053
26.861541417527608 -121.22870441773726 117.69395743627737 -0.12122870441773727
30.132490392408087 -133.34816409400509 128.79792003917916 -0.1333481640940051
31.72869355307192 -78.86545432271954 67.20023511984965 -0.07886545432271955
27.928415287364665 -81.8084584678146 77.63866367977205 -0.08180845846781461
31.44061870527464 -82.7630546699408 90.24123839089663 -0.0827630546699408
22.5255976034342 -98.21293461466871 110.68613836606488 -0.0982129346146687
20.4082543586147 -115.98551408668442 129.4370903036032 -0.11598551408668442
15.199166886707323 -74.74218479592719 -8.089451654282033 -0.07474218479592719
23.921326881262246 -74.5462946618716 -27.813149325877696 -0.0745462946618716
32.83830467435659 -72.89003967628648 -47.82334698003651 -0.07289003967628647
40.502815728082055 -74.53383836048467 -68.0163672665633 -0.07453383836048466
45.28730760254803 -78.37958080647837 -86.16443884036181 -0.07837958080647837
51.39564268377902 -84.50391519577808 -103.22902790953304 -0.08450391519577807
59.26750193687202 -91.64720994489025 -119.26151093638504 -0.09164720994489027
62.843736998588724 -92.524359404418 -138.0825511239821 -0.09252435940441803
74.14891557769997 -98.98970385364986 -162.10437445394686 -0.09898970385364987
58.48955423592545 -101.11832832849032 -167.6354026602756 -0.10111832832849034
55.33693760931945 -81.32493383835845 -154.63604009961637 -0.08132493383835845
52.81508308523234 -75.73984610010919 -178.78060422783793 -0.0757398461001092
53.690629049305755 -75.7920181626783 -201.16472383677134 -0.0757920181626783
55.96620865347761 -79.37372727743234 -220.11405226524886 -0.07937372727743233
62.104804975736826 -84.6009569814151 -237.89229440837238 -0.0846009569814151
66.53243664360843 -76.46650222654466 -203.82430448401215 -0.07646650222654468
20.578436742404172 -82.39762145838779 -71.31709799668953 -0.08239762145838779
43.024443554591834 -77.09385166501418 -75.86896755503426 -0.07709385166501419
16.62290318535025 -59.33581897971057 -3.723372892895485 -0.05933581897971057
28.04601072872405 -58.29959355439317 -12.43471162770912 -0.058299593554393174
40.86207551188206 -34.94501713740145 -6.447582143471598 -0.03494501713740146
52.186813194131844 -18.916943119211886 8.455313502385001 -0.018916943119211892
64.68113795504706 -4.081762336806797 14.95659747647212 -0.004081762336806805
75.09051586241006 12.750403860937727 20.26703389885576 0.012750403860937717
89.74055250064332 26.97656837515253 25.23779187366889 0.026976568375152523
103.22061818103514 21.92332303377466 40.17503056766729 0.021923323033774648
120.15512105937474 24.704387668350737 50.63741945232201 0.024704387668350723
27.371698065251532 -71.13764017251938 -34.746870356306374 -0.07113764017251939
36.63272377740302 -69.96825032025266 -52.786702061235644 -0.06996825032025267
47.69107902224377 -68.73222687979668 -69.85678225902919 -0.06873222687979669
54.38481134176314 -64.6954351435346 -89.72773493405475 -0.0646954351435346
59.288487084857756 -60.53461785153401 -109.07744318350669 -0.060534617851534016
60.11344297246666 -55.36121464143784 -128.80107340116416 -0.055361214641437846
72.82060866127928 -40.899598845426176 -149.057943269758 -0.04089959884542618
96.1090895144356 -19.906849121570573 -174.6443425460522 -0.019906849121570584
56.28966817559434 -35.757107950770475 -146.64950790302407 -0.035757107950770486
35.69989134404239 -12.855406820632744 -153.7188829361088 -0.012855406820632747
21.85219050602788 1.355242592220102 -154.6610318647056 0.0013552425922200993
9.957602781967822 7.431757157188223 -159.9439980213008 0.007431757157188222
0.1705186130725144 14.225854410573652 -167.62352669583 0.014225854410573651
9.643421456943607 -61.01615496134117 -40.36200444654992 -0.061016154961341176
-2.6906826789838614 -60.83601900618676 -51.53262741725153 -0.060836019006186765
-12.369130745596122 -63.03992741488099 -65.20871740753601 -0.063039927414881
4.938379739381929 -59.30275760199679 -38.31191354975035 -0.05930275760199679
-11.299187027915687 -48.504286107055144 -49.871009656121 -0.04850428610705514
-26.5151705950033 -32.27976104269907 -48.74940866796899 -0.03227976104269907
40.793000731243325 -16.696844680498117 -2.7847959371758813 -0.016696844680498122
63.874570830933266 -7.988598012492519 6.197540414140199 -0.007988598012492527
80.97232925188317 0.24660322798510984 14.569809886164602 0.00024660322798509995
90.61098488492141 2.5210285297823734 26.581830822242413 0.0025210285297823623
101.72231701415905 6.217972244200363 36.14702868360162 0.0062179722442003505
115.01121625454198 8.5484519634716 42.286783241790175 0.008548451963471586
125.87276906859992 12.34396784104986 33.32965798915809 0.012343967841049845
126.57033953074465 10.012679948565525 16.535684509567268 0.01001267994856551
129.54426202096099 10.193284047081583 0.5807015355343544 0.010193284047081568
130.5878706919665 6.3707724107256904 -14.89930443240539 0.006370772410725674
127.46256663746348 0.895996641912357 -29.730413681547347 0.0008959966419123413
126.40178096191066 0.5235493848845918 -45.907447650865116 0.0005235493848845764
123.65544925953472 -4.225907190583956 -73.83268502206425 -0.0042259071905839714
121.47384651040463 -11.516413640486732 -112.39505398611215 -0.011516413640486747
142.9673321743723 -1.68022959606835 -89.3706624790238 -0.0016802295960683675
153.57616632846987 4.622352285625058 -70.61365006690883 0.00462235228562504
133.11327571486083 2.4526397979358188 -54.887788046903914 0.0024526397979358024
145.2862565429832 11.611883264460037 -58.99459189706533 0.01161188326446002
152.4453736435791 24.07014537418161 -66.12363587967936 0.024070145374181593
47.43758919594532 4.36443641349068 7.703680123254281 0.004364436413490674
36.86578235242229 -17.84592196701575 -7.208421002243613 -0.017845921967015756
43.365825261153404 0.6764416765825614 -9.799487597485326 0.0006764416765825561
40.561464165952756 17.056966542223172 -16.76921929524398 0.01705696654222317
39.97189071353076 33.14006138609103 -27.731468284113724 0.03314006138609102
33.29906220568015 45.937758051004856 -39.7301684136263 0.04593775805100485
15.436240744592013 49.87933370481535 -46.13301710426304 0.04987933370481535
0.5063535761464213 52.247923851561595 -49.662532468901254 0.052247923851561594
-11.639003230494186 50.594355512121325 -54.49966887307065 0.050594355512121325
-22.230553948853906 45.64849173340596 -48.874320909038616 0.04564849173340596
-34.25588474340232 50.35752108383705 -58.6015628317937 0.05035752108383706
-37.84830384036694 57.36979154840696 -60.49432630897401 0.05736979154840697
-25.229509024593163 57.21253152940927 -56.218005908348935 0.05721253152940927
-14.548253486221487 53.93534349162982 -48.920723471569424 0.053935343491629824
-48.94318303581814 59.58159802405674 -69.97332059423626 0.05958159802405675
-62.6084465843022 50.19000044752957 -74.0395668895975 0.05019000044752958
-73.23126181401763 36.83996146902953 -73.94960401400529 0.03683996146902954
-84.92751462253214 25.29095380682734 -75.52756702851792 0.02529095380682735
-98.25363450974865 29.770534838492342 -84.93399630981612 0.029770534838492353
-113.62182844166124 32.88604009071705 -91.48912479223205 0.03288604009071707
-43.648315788406464 39.01386313358873 -43.81986231330315 0.03901386313358873
-2.8270516410125395 57.185864319245795 -54.89018550268161 0.05718586431924579
-24.19326116310614 53.89533957511468 -57.230689510604094 0.053895339575114685
-33.37888286307715 48.836016826569896 -72.82145621129995 0.048836016826569906
-43.59412268191911 42.2112863820719 -91.47154440250539 0.0422112863820719
-61.55751168152913 38.67451969216559 -103.38034672847759 0.0386745196921656
-82.02411165722847 36.94328612052972 -111.38011709416982 0.03694328612052973
-104.56025215902335 26.06047384821772 -114.25458798022314 0.026060473848217733
54.58968974720557 -42.293103759005724 -3.273158922324582 -0.04229310375900573
54.045563133849264 -32.78715217373872 -1.5506390497354359 -0.032787152173738725
64.19998870828388 -23.07290515545756 -1.9873755398296677 -0.023072905155457565
79.3212278804977 -25.018262086075477 -0.4320613300749713 -0.02501826208607549
95.25124693412488 -21.52226270381566 0.5452782958313956 -0.02152226270381567
108.36997901668431 -20.64068328678232 -6.9464211382517425 -0.020640683286782334
121.91814099618115 -23.137985821010766 -13.398770410643392 -0.02313798582101078
138.04229815691608 -21.97176480521333 -11.338876854891872 -0.02197176480521335
151.86049220008732 -27.923153801653772 -10.581113569360049 -0.02792315380165379
164.40433277012107 -34.442268239778414 -4.476246110881588 -0.03444226823977844
178.61067080612636 -39.19512621886602 2.2898085836478286 -0.03919512621886605
192.94390958985088 -41.35547024170444 4.615870673966189 -0.04135547024170446
207.72099039177587 -44.53414387642668 4.3927720073118826 -0.044534143876426714
24.526017123101298 -33.57731231694147 -19.853084462712015 -0.03357731231694147
13.707490917912857 -31.21338775153564 -39.515230974022344 -0.03121338775153564
16.022342701922618 -25.209866806100194 -60.77815687438323 -0.025209866806100198
15.720427382084992 -5.299853405496651 -70.47876567666653 -0.005299853405496653
10.421442502731807 8.169141893976235 -87.03780467755966 0.008169141893976233
-0.09604816981677707 5.5959616244351515 -106.99091362628516 0.005595961624435152
-12.77212421289693 -4.930794489622381 -126.17096113016811 -0.00493079448962238
-24.754187800165894 -11.853256546327383 -145.38595846938045 -0.01185325654632738
-30.497035620883306 -15.36842812181009 -169.9905971704775 -0.015368428121810088
-26.47058637503405 6.4840238320377495 -176.6745253552461 0.006484023832037753
-7.561193999585498 19.185267522304564 -166.42973959994146 0.019185267522304563
10.75356625169519 14.529275836728697 -104.23696687340842 0.014529275836728696
18.366268323281048 21.683841005637248 -113.83638588636164 0.021683841005637246
25.27143608539203 27.249608126831887 -124.7413171343164 0.027249608126831883
31.260662999545133 32.53697703793346 -137.68247955458042 0.03253697703793346
39.85505122166033 37.97054874050877 -147.59622269888587 0.03797054874050876
49.31942685155322 43.243612338857076 -156.8161736925361 0.04324361233885707
17.735600907628008 -37.46200909299608 12.279382016147647 -0.03746200909299608
1.4953868592221558 -41.160780291122386 24.246363555282933 -0.041160780291122384
-9.039782051777088 -45.96687885754458 37.46493265358373 -0.04596687885754458
-21.228756612719952 -51.12343270491535 49.02031797099585 -0.05112343270491535
-35.80496383546617 -56.46738803353 59.324510307996555 -0.05646738803352999
-50.381751636773544 -59.90374401688077 68.59265973773289 -0.05990374401688077
-61.61724665541046 -68.70594506766265 77.98296404905216 -0.06870594506766264
-69.14058238298543 -82.18270998167712 83.13172654282184 -0.08218270998167711
-80.48400634183024 -93.63215675199947 88.64282230544981 -0.09363215675199946
-95.56926566311199 -99.68606301026028 95.28822698612836 -0.09968606301026027
3.3990348186066015 -36.85195166725799 10.62162239315185 -0.03685195166725799
-4.855269396744078 -28.3953669466137 5.209300277208693 -0.0283953669466137
-8.515410009694843 -18.45673411889976 -3.0624338122297745 -0.01845673411889976
-11.193517512831425 -7.947850591176064 -12.712523016681795 -0.007947850591176062
-14.69720602972403 0.13644260862841823 -22.91171186662536 0.00013644260862842003
-18.629526402056772 8.875216260372992 -32.243795894484954 0.008875216260372994
-20.350605928600658 19.470295942739085 -41.80501646509623 0.01947029594273909
-23.60329262096244 27.552144440443374 -51.95997724301944 0.027552144440443377
-28.687768703287865 33.97484283505908 -62.196009571044655 0.03397484283505908
13.501367220912584 -36.17664601978192 -4.489783597245923 -0.03617664601978192
2.1233371046952976 -24.061290460652895 -13.248836758035061 -0.024061290460652897
-9.23449250635715 -10.871240251168139 -20.590087743645174 -0.010871240251168137
-17.847009876152534 11.203061522222185 -15.380990267688128 0.011203061522222188
-27.010780202763122 3.7586811990095095 -35.799777684316446 0.0037586811990095127
-28.225868437463262 7.557995672033503 -49.14956596977707 0.007557995672033507
-30.60504905431435 11.481605658149967 -62.51882672185488 0.011481605658149971
-34.874663582109946 15.81005985736799 -76.16093544175462 0.015810059857367994
-44.47066959447224 16.80674143285157 -86.51241851779615 0.016806741432851578
-54.082465455993635 14.375242996877695 -96.64363504242546 0.014375242996877702
-61.834953210692774 14.973834918278623 -109.49809856350689 0.01497383491827863
-73.18111945687716 15.34166980912023 -117.16895055585888 0.015341669809120238
-84.67518223523555 11.55284638952733 -123.73864987843584 0.011552846389527341
-92.37112372728647 11.774448315149794 -136.81351956120432 0.011774448315149805
-101.1316220985508 11.939898239242133 -147.92500357916572 0.011939898239242146
-112.42054096742584 10.446796872378458 -156.20524315927446 0.010446796872378473
-31.017972024633195 12.070380325785656 -41.308224845024256 0.012070380325785661
-50.83079986745554 1.7187724397279485 -55.58655539649213 0.0017187724397279547
-62.38272330089862 -11.346891861874397 -69.81600538825467 -0.011346891861874391
-80.47279372916664 -11.201824721130176 -86.55839073786487 -0.011201824721130165
-43.10128581835436 9.945634889552593 -58.996500807239165 0.009945634889552598
-43.77351783690562 10.051218860312865 -73.35136830351473 0.01005121886031287
-53.5454325721531 14.855916368885227 -82.56073073386969 0.014855916368885235
-65.6199528441352 16.87465680008424 -91.97333953694044 0.016874656800084247
-75.26005080580745 20.028051949041142 -102.29905152602898 0.020028051949041153
-85.59810804325652 22.140342789385308 -112.19323806256313 0.022140342789385318
-98.81800788957678 24.2408224302401 -119.96327554066018 0.024240822430240113
-110.91914669504649 25.363845116325965 -127.86070247495185 0.02536384511632598
-124.83960529357225 24.494271112698215 -129.67767689225207 0.02449427111269823
-139.08995417591498 21.746802036205178 -124.95566117473433 0.021746802036205198
-147.6164939222262 23.8676706557107 -113.58936071058066 0.02386767065571072
-156.48829564888877 25.86531329968508 -102.70804039455908 0.0258653132996851
-170.12355297766007 22.259079620717355 -96.5788603804174 0.022259079620717378
-182.66938095875875 16.762645662995737 -92.05797434366465 0.01676264566299576
-177.707851574708 5.9314324637610865 -90.78644987170931 0.005931432463761109
-171.05517315010627 -5.645401178712981 -96.1998759354203 -0.00564540117871296
-182.25600226804633 -10.172704427440662 -103.12603481266524 -0.01017270442744064
-195.41753493664544 -12.923222154398104 -108.01710992237415 -0.012923222154398081
-206.5119410901144 -19.148423556522992 -116.8438829365061 -0.019148423556522968
-217.8343782482293 -24.610459783390638 -123.94574751677513 -0.02461045978339061
-230.8085312577602 -25.18827025504761 -130.11952829278624 -0.025188270255047582
-244.0271042133211 -19.330598124556968 -135.45431505201088 -0.01933059812455694
-254.70877706916724 -16.371976889197615 -144.5296119291856 -0.016371976889197584
-263.635706599154 -13.599474886790194 -155.1528800368091 -0.013599474886790162
38.415151596069336 -60.664390563964844 -14.450782775878906 -0.06066439056396485
50.328256607055664 -38.85399627685547 -34.840023040771484 -0.03885399627685548
42.85097614338811 -19.868687800240956 4.99754291270004 -0.01986868780024096
41.344444274902344 5.819448709487915 42.16566848754883 0.00581944870948791
46.679664611816406 32.78746223449707 79.20585632324219 0.032787462234497064
49.57810020446777 29.03863525390625 -92.9034194946289 0.029038635253906243
-6.772495985031128 24.22674560546875 -161.63472747802734 0.02422674560546875
-35.33223756595368 16.393789608600965 -196.4917468955258 0.01639378960860097
-30.482977867126465 -2.291945219039917 -176.61724090576172 -0.0022919452190399135
32.02097647415677 -47.3460330165335 0.2671918957296514 -0.047346033016533506
25.3966064453125 -36.61381721496582 18.044657707214355 -0.03661381721496582
21.404553413391113 -21.773558616638184 32.452476501464844 -0.021773558616638187
48.0270938873291 -7.575676441192627 9.710103511810303 -0.007575676441192634
75.27056884765625 3.987169623374939 -14.903164863586426 0.003987169623374929
103.17566770787033 9.626814744400908 -37.87911433589238 0.009626814744400896
136.58045959597217 25.238231400004754 -37.9005672225871 0.025238231400004738
145.56340789794922 12.585311889648438 -9.076436996459961 0.01258531188964842
31.62246333753117 -11.30004197597117 68.38040535773494 -0.011300041975971174
45.95378112792969 1.16362926363945 102.31199645996094 0.0011636292636394445
26.52861785888672 -2.3586400747299194 127.77180480957031 -0.0023586400747299227
-9.638743072269941 -9.150605540173036 124.12040608924418 -0.009150605540173034
16.073869705200195 -7.37118673324585 5.393571138381958 -0.007371186733245851
-0.5359935015439987 13.969623565673828 16.254359245300293 0.013969623565673828
-20.799342155456543 12.86302137374878 -51.66228103637695 0.01286302137374878
-55.85546684265137 37.022613525390625 -52.13401794433594 0.03702261352539063
42.54766324068458 -62.87901607949348 -5.062587138226972 -0.06287901607949349
1.8979750355379212 -71.46849525179053 -32.486254952647904 -0.07146849525179053
25.800437927246094 -81.77212524414062 -32.93849182128906 -0.08177212524414063
59.82797598948719 -97.50143012751036 -46.13483280251348 -0.09750143012751038
86.46292495727539 -123.4737434387207 -56.75547218322754 -0.12347374343872072
78.63781286529314 -81.25289161185009 -55.79772653489509 -0.0812528916118501
116.27520751953125 -100.19366836547852 -91.70946502685547 -0.10019366836547854
123.949065531298 -47.31306199386881 -5.571810038772401 -0.047313061993868824
187.61181640625 -22.071609497070312 16.650351524353027 -0.022071609497070335
208.23870086669922 -25.009660720825195 14.253913879394531 -0.025009660720825222
32.98789716198199 -78.46638878397619 22.052912306749395 -0.07846638878397619
24.310370445251465 -55.08054733276367 21.615424156188965 -0.05508054733276367
55.55827331542969 -30.057276725769043 -31.311840057373047 -0.03005727672576905
104.15233612060547 8.03319525718689 -49.91783905029297 0.008033195257186878
124.31339645385742 18.86758327484131 -73.20466232299805 0.018867583274841296
24.12831974029541 -31.777451515197754 18.72583293914795 -0.03177745151519776
20.00660991668701 -9.246834754943848 12.01927900314331 -0.00924683475494385
1.408029556274414 42.18208885192871 -13.42099905014038 0.042182088851928715
6.49293065071106 73.05234909057617 -75.79089736938477 0.07305234909057617
-14.870086193084717 57.51354789733887 -25.688671112060547 0.05751354789733887
19.98138427734375 25.425668716430664 -5.745619535446167 0.02542566871643066
37.108802795410156 50.735660552978516 -44.36369705200195 0.05073566055297851
51.22553825378418 78.07395935058594 -84.6576919555664 0.07807395935058593
23.243666648864746 -93.67878341674805 29.69685649871826 -0.09367878341674805
24.64458179473877 -72.42425155639648 33.06536293029785 -0.07242425155639648
24.64787483215332 -39.67971420288086 41.96185302734375 -0.03967971420288086
18.709406370834873 -22.897772469083574 28.432148967925638 -0.022897772469083578
8.89588451385498 -4.28909432888031 20.806873321533203 -0.004289094328880311
11.976542962477922 1.8797908436522766 84.20804486641356 0.001879790843652275
-7.595580101013184 -45.650461196899414 92.33698654174805 -0.04565046119689942
-15.660791397094727 11.465808868408203 126.00932693481445 0.011465808868408206
-2.8453887701034546 52.477542877197266 125.58778381347656 0.05247754287719727
15.843373579006641 -61.777268788218706 -25.691014057446203 -0.06177726878821871
-10.261488437652588 -42.24186134338379 3.5232789516448975 -0.04224186134338379
17.14827251434326 -42.30889701843262 11.639031887054443 -0.042308897018432615
36.76915156544591 -43.21646649588871 23.975161565605767 -0.04321646649588872
59.99180656197532 -54.78512413141571 33.22310245425674 -0.054785124131415716
63.68861633877184 -61.941582447234204 60.715052136952444 -0.06194158244723421
52.715377032910574 -75.50207495807865 79.95536487075597 -0.07550207495807865
56.1385555267334 -52.21725273132324 57.84842109680176 -0.05221725273132325
-8.075810381966322 -38.486289777775276 -12.749248887047038 -0.038486289777775275
-35.950103773935105 -19.150127470250162 -34.533424383547754 -0.019150127470250158
-71.01564872782103 -10.984731271627812 -56.3522518741506 -0.010984731271627803
-96.62125778198242 9.735601902008057 -79.03816986083984 0.009735601902008069
-87.2177827094144 35.693539563289974 -108.0251052883868 0.03569353956328999
-74.96056614883236 68.21973681226447 -131.04519805489417 0.06821973681226448
-53.813188552856445 81.20701599121094 -164.00189208984375 0.08120701599121094
50.15296936035156 -89.37520980834961 -34.59662055969238 -0.0893752098083496
-2.3544821739196777 -50.475473403930664 -53.686378479003906 -0.05047547340393067
36.64115905761719 -44.010353088378906 -73.1146469116211 -0.04401035308837892
73.20902633666992 -53.87564659118652 -95.27500534057617 -0.05387564659118653
112.47440719604492 -56.10307693481445 -121.13434600830078 -0.05610307693481447
150.85968017578125 -48.760128021240234 -148.37064361572266 -0.04876012802124026
-26.004785537719727 -15.586568355560303 -52.42572212219238 -0.0155865683555603
-58.56675148010254 8.651161193847656 -61.49184036254883 0.008651161193847663
-94.59833526611328 25.758143424987793 -77.31558227539062 0.025758143424987803
-136.54141235351562 30.28115463256836 -90.03363418579102 0.030281154632568377
-179.24269862596395 35.3092169531496 -97.71171570366268 0.035309216953149626
-222.08653259277344 33.20685958862305 -106.23377227783203 0.03320685958862308
-256.92832946777344 43.73688888549805 -128.9560546875 0.04373688888549808
-281.2201928838743 64.12227007672988 -155.43531244694913 0.06412227007672991
-268.0024871826172 67.7063217163086 -195.44253540039062 0.06770632171630862
-271.96961975097656 63.43208122253418 -238.96017456054688 0.06343208122253421
49.94702503359466 -74.06262990281682 5.47943621176319 -0.07406262990281683
17.547739028930664 -51.188236236572266 43.27218818664551 -0.05118823623657227
97.7666130065918 -76.4185676574707 -110.47868728637695 -0.07641856765747072
142.60135650634766 -30.055350303649902 -111.1552619934082 -0.03005535030364992
181.61813354492188 21.398058891296387 -129.8657684326172 0.021398058891296364
187.60964965820312 51.9246883392334 -191.24362182617188 0.05192468833923338
207.02550000938822 53.438264037661384 -175.99692541280476 0.05343826403766136
227.80548858642578 70.87397003173828 -199.1382827758789 0.07087397003173826
161.7319107055664 50.603240966796875 -195.67107391357422 0.05060324096679685
89.50220968864201 -72.75435703305016 12.58172522259402 -0.07275435703305017
132.1067352294922 -47.61578559875488 32.73838996887207 -0.0476157855987549
93.97844314575195 -20.507156372070312 -21.817628860473633 -0.020507156372070325
151.5606689453125 4.349989652633667 -56.06278038024902 0.004349989652633649
201.80957016692918 8.39229835069805 -49.617141259245805 0.008392298350698026
242.19391632080078 33.63197708129883 -64.43918228149414 0.0336319770812988
185.88302612304688 16.887049674987793 -42.566171646118164 0.016887049674987772
114.02448758299901 8.324212962472508 -31.419023046873907 0.008324212962472493
157.21700286865234 34.44728660583496 -59.760175704956055 0.03444728660583494
138.52054802352774 9.660647871573012 -54.265357549213405 0.009660647871572994
-12.65473222732544 -35.93474769592285 3.557456612586975 -0.03593474769592285
-6.674508571624756 -28.74001979827881 48.62263107299805 -0.02874001979827881
-21.352031707763672 -20.94054412841797 85.88965606689453 -0.020940544128417966
-42.1303596496582 -9.212024211883545 118.57316207885742 -0.00921202421188354
-73.15988159179688 -3.7790690660476685 140.3224639892578 -0.0037790690660476594
-104.73336029052734 0.8450464606285095 165.77932739257812 0.0008450464606285224
-133.96300506591797 -11.271708965301514 184.32003021240234 -0.011271708965301499
-38.09614944458008 -20.699995040893555 70.47733306884766 -0.02069999504089355
-44.04756282486404 -36.746332618863605 95.35555414256828 -0.0367463326188636
-74.68205261230469 -54.60843849182129 81.18338775634766 -0.05460843849182128
-105.16780853271484 -75.25057220458984 75.7466812133789 -0.07525057220458983
-0.3757728263735771 -28.185962677001953 -23.002334594726562 -0.028185962677001953
-18.61946431017819 10.643194170986337 -27.293789492826086 0.01064319417098634
-28.478005409240723 46.53128433227539 -44.444339752197266 0.046531284332275394
-24.7283296585083 -63.84457588195801 -54.37526321411133 -0.06384457588195801
-74.63330787155527 -42.653162559115515 -94.255384248361 -0.042653162559115505
-127.2704963684082 -26.670808792114258 -133.395751953125 -0.026670808792114243
-168.39591778285546 -11.011575555649795 -167.67798809748942 -0.011011575555649774
-206.5462646484375 7.630680799484253 -204.57456970214844 0.007630680799484278
15.517204284667969 -49.637380599975586 -36.97909736633301 -0.049637380599975585
4.452960729598999 -23.69154644012451 -83.26109313964844 -0.02369154644012451
-4.085581064224243 -11.239483833312988 -139.66829681396484 -0.011239483833312988
27.609556198120117 -2.440544605255127 -185.90489196777344 -0.0024405446052551305
67.05734634399414 -31.93453884124756 -152.41958618164062 -0.03193453884124756
123.32086944580078 -37.525590896606445 -156.42881774902344 -0.03752559089660646
159.82957458496094 -31.436859130859375 -176.882568359375 -0.0314368591308594
56.52379608154297 -24.318896293640137 -229.3077392578125 -0.024318896293640143
84.16653060913086 -53.51071357727051 -268.35304260253906 -0.05351071357727052
31.55213915916625 25.303935794779807 -47.52399736163116 0.025303935794779804
77.5766487121582 43.81795883178711 -100.6878776550293 0.0438179588317871
90.04322052001953 74.06768035888672 -83.17486953735352 0.07406768035888671
103.28744125366211 48.965829849243164 -95.43006896972656 0.04896582984924315
69.14588165283203 -23.695582389831543 -12.537371158599854 -0.023695582389831552
-0.6634966744942461 9.905212942538558 -57.38854590793268 0.009905212942538558
-38.13991928100586 33.40413284301758 -90.5696907043457 0.03340413284301759
-93.60454559326172 19.143075942993164 -103.8119010925293 0.019143075942993176
-148.41873936433382 27.799775201876457 -122.09369582280719 0.027799775201876476
-205.7524503551378 20.08124964870723 -133.17102513446912 0.020081249648707257
-254.74143981933594 0.7608661949634552 -136.80810546875 0.0007608661949634865
-300.73699951171875 -0.8699325323104858 -103.10358047485352 -0.000869932532310449
-325.15252685546875 -3.0077333450317383 -97.16123580932617 -0.0030077333450316984
55.54693412780762 -47.491703033447266 -87.21859741210938 -0.047491703033447276
54.13014131582105 -55.70275108742062 -151.9404985023782 -0.05570275108742063
87.81760025024414 -29.260400772094727 -199.27796936035156 -0.029260400772094738
-1.4197672586113672 -12.495657033136013 -13.842688920987161 -0.012495657033136013
-36.03747741834188 7.20811549233406 -12.315426666056242 0.007208115492334064
-67.74307250976562 23.902069091796875 -11.890771865844727 0.023902069091796884
2.6389838457107544 14.216737270355225 -8.98102617263794 0.014216737270355224
-4.869883060455322 -58.33388900756836 5.804606914520264 -0.05833388900756836
-49.24203681945801 -78.97770690917969 8.665487289428711 -0.07897770690917968
-75.25817108154297 -92.70267105102539 35.36798286437988 -0.09270267105102538
-89.23323803933752 -131.6649399403599 48.80888283739165 -0.13166493994035988
-81.0287857055664 -166.56259155273438 30.32673740386963 -0.16656259155273437
-53.60986724479709 -174.64484930314399 42.6275148721585 -0.174644849303144
-44.1611328125 -208.10652923583984 69.11317825317383 -0.20810652923583986
-19.740670204162598 -224.20096588134766 90.82746505737305 -0.22420096588134766
-26.40092372894287 -223.2702407836914 65.53130722045898 -0.2232702407836914
-0.028005697195060103 -222.25619508539242 64.19506579109225 -0.22225619508539243
16.457728689139316 -228.73606921831515 78.90442366365498 -0.22873606921831516
20.89550018310547 -212.91107177734375 99.59761428833008 -0.21291107177734375
39.787389582843005 -206.8665019535456 104.28175293593085 -0.2068665019535456
-109.96500632934121 -108.80614052698762 53.056460400357345 -0.1088061405269876
-124.55585161183113 -121.0131736015195 92.24753838967281 -0.12101317360151949
-124.04867935180664 -139.7169647216797 133.97335815429688 -0.13971696472167966
-127.65163040161133 -172.62042236328125 164.34695434570312 -0.17262042236328123
-101.31712032036243 -190.01256046871512 172.94539032580025 -0.19001256046871512
-41.09862282405086 -61.35135682924448 -7.665448305219822 -0.061351356829244474
-26.156436920166016 -39.95206642150879 -61.584049224853516 -0.03995206642150879
-43.05837821960449 -13.742249011993408 -118.85284805297852 -0.013742249011993403
-43.33203125 19.109760284423828 -162.90191650390625 0.01910976028442383
-68.43594797662213 -60.449101665795425 -7.32071208540412 -0.06044910166579542
-100.3407689346679 -41.57122824081722 6.980852241338718 -0.04157122824081721
-76.32983016967773 -12.336452007293701 -1.664477527141571 -0.012336452007293693
-53.11017990112305 -56.90642547607422 27.284404754638672 -0.05690642547607421
-11.887524127960205 -52.540815353393555 35.76302909851074 -0.052540815353393555
-45.07562509969826 -82.99659685513366 31.386513828230832 -0.08299659685513366
-66.30259704589844 -101.3270263671875 19.13175868988037 -0.10132702636718749
-78.45513153076172 -103.76494216918945 -4.519992113113403 -0.10376494216918944
-87.26608657836914 -119.11810302734375 -22.974218368530273 -0.11911810302734374
-92.60041046142578 -154.11346435546875 -25.687325477600098 -0.15411346435546874
-40.84854698181152 -105.77484893798828 -24.679231643676758 -0.10577484893798829
-88.61411240246147 -118.32434983738045 14.902407412083084 -0.11832434983738044
-114.96562576293945 -121.38158798217773 27.589207649230957 -0.12138158798217773
-137.91776275634766 -136.12646484375 30.83440399169922 -0.13612646484374996
-70.05514847829164 -118.97504673980006 38.701286235703606 -0.11897504673980006
-96.66912509106565 -141.72383687324728 38.11971218441654 -0.14172383687324727
-116.98083886906011 -157.58015467113188 42.01978983310471 -0.15758015467113184
-136.80378798514738 -167.14432541746612 58.02319456273719 -0.1671443254174661
-151.57821460976666 -179.4053589470842 77.56466758253637 -0.17940535894708418
-171.16754150390625 -195.86981964111328 67.94294357299805 -0.19586981964111325
23.55927848815918 -75.20679092407227 63.44315528869629 -0.07520679092407227
9.533507928452902 -79.67492445840973 84.12746565730163 -0.07967492445840973
16.66207504272461 -106.38457870483398 99.91215515136719 -0.10638457870483399
33.2652563689704 -139.07790997717248 134.8907664921926 -0.13907790997717248
31.133749961853027 -87.60049819946289 96.23240280151367 -0.08760049819946289
14.35433578491211 -109.3708381652832 124.92135620117188 -0.1093708381652832
22.1267032623291 -124.54106140136719 133.98432159423828 -0.12454106140136718
36.33579444885254 -73.54012298583984 -58.83441734313965 -0.07354012298583984
58.81387901306152 -88.99788284301758 -145.6350326538086 -0.0889978828430176
88.28792190551758 -101.99707412719727 -171.82466888427734 -0.10199707412719729
51.4256591796875 -105.3427848815918 -183.50010681152344 -0.1053427848815918
53.06161308288574 -77.93427658081055 -166.44430541992188 -0.07793427658081055
53.83986854553223 -73.82081604003906 -191.1309814453125 -0.07382081604003907
66.24021911621094 -88.2073745727539 -246.55812072753906 -0.08820737457275392
73.55718612670898 -73.56554794311523 -221.3459014892578 -0.07356554794311525
8.193708181381226 -84.83970260620117 -73.90293502807617 -0.08483970260620118
50.57077296443435 -75.30796107612106 -91.85197245721105 -0.07530796107612106
16.940695762634277 -65.60331726074219 -13.760891914367676 -0.06560331726074219
34.527326583862305 -46.1966438293457 -11.493167877197266 -0.04619664382934571
47.47053675116634 -25.18728131373838 0.7345660623855247 -0.02518728131373839
80.80823927444825 21.825709118764177 21.66230252591221 0.021825709118764167
129.98135375976562 22.555794715881348 54.80460739135742 0.022555794715881334
51.486629486083984 -67.2006721496582 -79.72987747192383 -0.0672006721496582
59.90792465209961 -52.567222595214844 -139.13522338867188 -0.05256722259521485
83.83938598632812 -30.022831916809082 -162.1302490234375 -0.030022831916809094
106.95148086547852 -12.503960609436035 -190.07637786865234 -0.012503960609436048
44.4881477355957 -22.250591278076172 -153.5846710205078 -0.02225059127807618
27.678709983825684 -2.8903836011886597 -152.2816390991211 -0.0028903836011886634
-3.7696887254714966 17.274446487426758 -173.4635238647461 0.017274446487426758
-15.430943965911865 -64.52798843383789 -73.5801773071289 -0.06452798843383789
-35.34928894042969 -27.12484359741211 -42.668813705444336 -0.027124843597412105
51.20187568664551 -7.362690210342407 -1.9917662143707275 -0.0073626902103424135
73.52598190307617 1.6833055019378662 11.41199016571045 0.0016833055019378571
125.84361267089844 10.31058645248413 25.096471786499023 0.010310586452484114
125.61031341552734 -0.23121343553066254 -54.45549392700195 -0.00023121343553067793
122.61885070800781 -6.952785491943359 -93.53252410888672 -0.0069527854919433744
123.60641098022461 -16.999592781066895 -130.98046875 -0.01699959278106691
151.99587864354586 0.7496475392035615 -81.83254529850707 0.0007496475392035429
153.50091552734375 6.20814847946167 -58.63690948486328 0.006208148479461651
155.83572387695312 31.66543960571289 -67.76039505004883 0.03166543960571287
40.44141387939453 13.510147094726562 19.466015815734863 0.013510147094726557
36.94658068086828 25.268344906940055 -21.683086341933134 0.025268344906940052
7.139721717230016 54.90988518525724 -49.677000916011394 0.05490988518525724
-29.336316108703613 44.0567512512207 -48.63673210144043 0.04405675125122071
-41.71059226989746 58.6837272644043 -65.51716995239258 0.0586837272644043
-10.853886604309082 50.65567970275879 -43.39695739746094 0.05065567970275879
-77.60116321843194 28.906672213821135 -73.6281006157952 0.028906672213821146
-122.00943756103516 34.16699981689453 -94.67364883422852 0.03416699981689455
-57.20217514038086 36.04660224914551 -36.02172660827637 0.036046602249145514
-36.87120742062098 46.926306535436595 -83.39365271959855 0.046926306535436606
-92.93106079101562 33.88035583496094 -113.01406478881836 0.033880355834960955
-117.63084030151367 21.339948654174805 -111.46167373657227 0.02133994865417482
59.5600528717041 -52.24789619445801 -5.144007205963135 -0.052247896194458014
87.43830724410782 -23.829045854676135 0.06655686481256631 -0.023829045854676146
129.98367309570312 -22.80635643005371 -12.221611976623535 -0.022806356430053725
171.53107398814998 -36.82114470308629 -1.143456742001027 -0.03682114470308631
215.03024291992188 -47.9829044342041 2.938802480697632 -0.04798290443420413
7.926310062408447 10.921711921691895 -98.30624771118164 0.010921711921691894
-27.250701884296056 -16.04022708839925 -157.60548409389008 -0.016040227088399247
5.2025651931762695 20.66346549987793 -164.45145416259766 0.02066346549987793
28.024159984533078 29.815527227227932 -131.3598332023845 0.02981552722722793
54.47529411315918 45.62370491027832 -161.8855209350586 0.04562370491027831
5.796339988708496 -38.3445987701416 16.729949951171875 -0.038344598770141604
-28.545759201049805 -54.08549690246582 53.97002029418945 -0.05408549690246582
-63.03005935204676 -76.47618406487874 82.89960216482534 -0.07647618406487873
-102.92557144165039 -103.8857192993164 99.15937805175781 -0.10388571929931639
-9.722691535949707 -12.972475528717041 -7.670445919036865 -0.01297247552871704
-20.410796261896852 14.303904079248229 -36.734760228743056 0.01430390407924823
-33.63277244567871 33.008108139038086 -67.35244369506836 0.033008108139038095
-13.954567432403564 -3.7237815856933594 -25.755878448486328 -0.0037237815856933578
-25.475629806518555 26.64609432220459 -7.397814750671387 0.026646094322204595
-31.617894932086912 13.602327736710533 -69.7321320251733 0.013602327736710537
-58.28230667114258 14.240842342376709 -102.87180709838867 0.014240842342376716
-88.33250154476555 11.675540678517297 -130.38674105802625 0.011675540678517308
-119.45196533203125 10.070366859436035 -159.00552368164062 0.010070366859436049
-43.328826904296875 11.39682388305664 -51.805213928222656 0.011396823883056646
-89.80265045166016 -10.725413799285889 -95.44551086425781 -0.010725413799285878
-59.636024475097656 16.310956954956055 -87.09041595458984 0.016310956954956064
-92.11508178710938 23.401495933532715 -116.17304992675781 0.023401495933532725
-132.1809499437374 22.731651571616823 -128.11501554918885 0.02273165157161684
-163.18392944335938 24.654449462890625 -99.03093338012695 0.024654449462890648
-172.37593841552734 0.7738913744688034 -92.50488662719727 0.0007738913744688245
-201.1194610595703 -15.870376586914062 -112.35071563720703 -0.015870376586914037
-237.42877960205078 -22.203529357910156 -132.6841812133789 -0.022203529357910128
-271.11753845214844 -13.13392686843872 -157.07052612304688 -0.013133926868438688
27.27188537492623 -63.56903081452014 6.50238979026257 -0.06356903081452014
-12.441428761788904 25.234538722522004 -167.3960290847983 0.025234538722522005
-21.225059884213124 25.535693176254433 -178.69900889836106 0.025535693176254436
53.901133056327296 28.06333724320431 -88.60845545405178 0.0280633372432043
-26.27275788542872 14.780122674155068 -57.229449814129126 0.014780122674155072
-36.1194737592492 24.361899008467844 -65.42808309941225 0.024361899008467847
-40.533216506626005 15.072830368131461 -61.294402240187246 0.015072830368131467
32.512170255302365 -71.96654600748651 10.232181484219758 -0.07196654600748652
41.349438125618256 -62.613210695014615 -11.214328939463751 -0.06261321069501462
48.06291672870483 -62.36151296293557 -7.880324731583218 -0.06236151296293558
188.76719313873642 -21.1170848772093 22.393247228100115 -0.021117084877209327
38.22075222081705 -78.3126020786385 12.351646370966858 -0.07831260207863851
43.91746372133639 -89.42329390340632 12.517861838128919 -0.08942329390340632
39.40108030467263 -99.12707344374394 15.285023929864002 -0.09912707344374394
111.48290281006405 11.005989546757618 -49.05031790669331 0.011005989546757603
119.98029978329359 13.028500453654509 -45.17672015395502 0.013028500453654494
122.74437996997486 15.540325339795562 -49.590104018370305 0.015540325339795548
5.3459070423044865 3.086574274379042 14.321227276614977 0.0030865742743790415
0.9678728876090907 -3.223097729351311 16.84425297027949 -0.003223097729351311
-11.451106911975755 12.743154802817775 126.24632491172466 0.012743154802817777
45.83042119301479 -101.37815760537987 3.9447911587219897 -0.10137815760537987
48.33749961853027 -100.75 -5.924084901809692 -0.10075
47.130380817270456 -95.59803421864153 -9.699882914771177 -0.09559803421864153
51.3577545656835 -88.83128833759352 -39.00816363458977 -0.08883128833759352
207.36494532132662 56.22368836249471 -181.84056639508435 0.05622368836249469
99.24530332892897 -76.64377375967459 -115.13195499178354 -0.0766437737596746
25.97994726641364 -58.007690321865354 4.286099443912909 -0.058007690321865354
28.396564386934617 -58.22674448883383 1.4688157149941792 -0.05822674448883383
28.884494025420963 -60.031561128251646 -3.8640302485001596 -0.06003156112825165
24.337752255425602 -63.4331703551238 -9.192333775082009 -0.0634331703551238
19.803798295239652 -64.50648294076966 -12.154383020141434 -0.06450648294076966
18.43116527645698 -61.73569986378601 -10.131072831142705 -0.06173569986378601
-130.66534168854338 -25.76947882360969 -135.83122891112407 -0.025769478823609672
9.615124940872192 -47.30999946594238 -35.353450775146484 -0.04730999946594239
124.12616664767708 -38.48283963477678 -160.89450173746533 -0.0384828396347768
31.210238548894214 -53.12661469758388 -7.6451243341654385 -0.05312661469758389
32.02052484149959 -42.89966225376838 -21.70825516062358 -0.04289966225376839
32.483823452956194 -32.73031640366142 -30.776340532024367 -0.032730316403661426
34.59975972034056 -24.65337225614384 -31.1186699227856 -0.024653372256143842
36.0553016306971 -12.360432223988255 -30.103118508092457 -0.01236043222398826
-331.2572051951277 -5.378113013783231 -93.90316430826029 -0.00537811301378319
-328.01001722389117 -2.3669652203178635 -97.51085187635695 -0.0023669652203178234
-306.2757688409155 6.315010275906015 -105.93743563334928 0.006315010275906053
-309.4807795703771 17.350510369028967 -108.65547489880713 0.01735051036902901
-302.918014536018 17.684592993217624 -98.58361328613863 0.01768459299321766
91.33594420833448 -29.832994680912943 -209.36424041933074 -0.029832994680912956
90.48548763046291 -27.906683566434033 -207.4713736558588 -0.027906683566434044
30.597700906936353 -43.664156385479274 -13.14663532973326 -0.04366415638547928
27.39229268686904 -55.626952800888894 5.401023474538233 -0.0556269528008889
24.700453305301693 -53.686465019830564 5.959644008827413 -0.05368646501983056
18.200200290638932 -53.8885590824475 4.866348655471492 -0.0538885590824475
-6.725519155914214 -59.89480119269329 4.4338195944692655 -0.059894801192693296
-44.11691740152139 -208.92711349475076 70.1086524042758 -0.20892711349475077
-42.529027457826466 -211.56040962696719 72.37372922430357 -0.21156040962696718
-47.3450639555915 -218.3995347782228 69.81333921610465 -0.2183995347782228
-47.15844641488332 -213.41706841462033 79.20553272047025 -0.21341706841462033
-94.49108452551123 -192.64508919198366 173.38575156961454 -0.19264508919198367
-100.30030748259054 -192.87928006094586 175.51720232017314 -0.19287928006094587
-129.1863202995203 -173.60508851830957 166.56411319182632 -0.17360508851830955
-46.85848581482474 17.383749319911036 -170.6320597004859 0.017383749319911043
-45.50969681886489 20.550325163927948 -164.6997938935607 0.020550325163927956
-87.70822896893279 -121.35296767837384 -22.933306525976853 -0.12135296767837384
-77.45815654199697 -105.49159438976288 -6.738669232540449 -0.10549159438976287
-78.23595839403231 -115.20655399705487 -10.763093633533392 -0.11520655399705486
-73.31350958105635 -122.69263548710532 39.81556113574579 -0.12269263548710531
-83.66441602812114 -128.6068034198092 39.06390737597138 -0.1286068034198092
-73.84599282957134 -119.75794275507339 38.247844847553964 -0.11975794275507337
12.47802971974198 -60.22678544840754 1.460195387801087 -0.06022678544840754
6.44562553990624 -80.93331229360605 89.36426151731916 -0.08093331229360605
14.845912467724219 -75.92089176302576 83.98624692105197 -0.07592089176302577
18.591582489954593 -69.78561325028156 82.60164454043951 -0.06978561325028156
19.077604870968347 -73.8731738532516 86.92355129076165 -0.07387317385325161
26.183218102379435 -74.51904482159661 64.3649844332522 -0.07451904482159662
22.652485158859772 -111.02008085073099 98.73985987854951 -0.11102008085073099
34.304215091198685 -140.1674686593866 137.59068279239338 -0.1401674686593866
35.4780818125665 -142.44518954648277 139.2319280812599 -0.14244518954648278
34.27755877364315 -89.44842596291245 95.18064739797899 -0.08944842596291246
17.778468102429674 -111.16393169768344 124.85334975527198 -0.11116393169768345
59.98661711549442 -91.18972703132725 -149.1101468987374 -0.09118972703132727
33.56985011470183 -77.63785701250563 -61.83878505281258 -0.07763785701250564
133.84760199937347 18.185701889605802 61.509371915692896 0.018185701889605783
142.948345464638 10.153616802952909 69.10277643985731 0.01015361680295289
138.46570085942713 11.876572345120756 70.48949955569397 0.01187657234512074
129.55966236840248 22.07149580005587 61.03348786185523 0.02207149580005586
49.55455885849237 -21.830106072809016 -5.843474259602581 -0.021830106072809025
21.862649731054784 -68.77955401976436 -18.51127052399235 -0.06877955401976436
24.194156366869084 1.7011178029551433 -148.58904072744707 0.0017011178029551403
44.12334209037 -17.908648501574568 -158.308719347688 -0.017908648501574576
18.826011277668314 -67.71906778641879 -30.12075394159723 -0.06771906778641879
26.953945330510223 -47.556205751896606 3.115932152619224 -0.047556205751896605
26.421962277122837 -39.343396217746346 -4.920433907810424 -0.039343396217746344
30.859226737395243 -31.88178742674509 -8.564004969257068 -0.03188178742674509
75.6507564474881 8.820484050018806 8.70902674263035 0.008820484050018796
128.0479809997578 -4.830274212439263 -94.97694260827384 -0.004830274212439279
135.82134071286572 -0.3421596070747152 -97.61831098390941 -0.0003421596070747319
155.97434407061857 1.3545509737875825 -56.33559688753536 0.0013545509737875633
150.19464668464317 5.6402743657993675 -51.6436569614771 0.005640274365799349
131.67805399169063 10.252940492318675 29.47060685943761 0.01025294049231866
-96.8922466114382 32.14353886974082 -111.77733584204772 0.03214353886974084
29.943548156296824 -35.639858839650486 -10.084978784226614 -0.03563985883965049
39.54767500076405 -34.25718540112312 -8.412816752749105 -0.03425718540112312
12.237066372475462 22.467691314165304 -168.8460088551202 0.022467691314165303
10.472421507711505 27.46850155777686 -165.94912220482254 0.027468501557776862
23.007030538823916 -40.61489253977196 0.10848584204979042 -0.040614892539771956
-16.591893566926657 -1.1720353783089177 -27.237825160698957 -0.0011720353783089158
-20.945818454386618 -2.5654922449449535 -28.79597501573106 -0.002565492244944951
-21.010242787057415 1.8625522304524962 -29.27795700741786 0.0018625522304524988
